1 878
1 359
1 51
1 663
2 12
2 51
2 284
2 100
2 875
2 1361
2 884
3 5
3 181
3 485
3 144
3 399
3 91
3 542
3 90
3 582
3 707
4 488
4 1011
4 575
4 355
4 1374
4 166
4 1061
4 1252
4 1295
4 185
4 378
4 1160
4 1191
4 1010
4 1275
4 1077
4 1073
4 103
4 1242
4 1312
4 401
4 1180
5 103
5 968
5 1032
5 943
5 401
6 544
6 1074
6 1075
6 1374
6 18
6 1062
6 663
6 610
6 455
6 84
7 492
7 1231
7 688
7 56
7 1077
7 248
7 1115
7 973
7 1186
7 234
7 48
7 189
7 197
7 434
7 122
7 993
7 815
7 373
7 717
7 1006
7 354
7 1307
7 443
7 32
7 1040
7 907
7 231
7 1350
7 1347
7 1250
7 1355
7 999
7 291
7 947
7 1114
7 225
7 801
7 709
7 626
7 1179
7 1188
7 69
7 174
7 1192
7 541
7 713
7 1218
7 1229
7 1193
7 277
7 124
7 1309
7 233
7 282
7 1259
7 530
7 695
7 1000
7 62
7 972
7 1184
7 423
7 567
7 673
7 1
7 1005
7 979
7 901
7 704
7 1185
7 1147
7 57
7 712
7 70
7 1285
7 520
7 312
7 222
7 758
7 936
7 624
7 363
7 708
7 430
7 1136
7 441
8 492
8 1231
8 122
8 1083
8 443
8 993
8 234
8 498
8 197
8 231
8 1193
8 35
8 354
8 815
8 97
8 1179
8 1077
8 124
8 1262
8 189
8 248
8 56
8 1259
8 688
8 1076
8 711
8 556
8 1188
8 814
8 473
8 1184
8 370
8 559
8 666
8 947
8 1192
8 1006
8 307
8 1133
8 365
8 1385
8 323
8 1182
8 907
8 966
8 292
8 1352
8 369
8 1347
8 1307
8 626
8 48
8 978
8 196
8 1009
8 283
8 495
8 1303
8 242
8 1029
8 1114
8 435
9 45
9 398
9 102
9 549
9 1099
9 983
9 303
9 347
10 302
10 616
10 1199
10 949
10 1009
10 405
10 621
11 472
11 1389
11 495
11 93
11 1375
11 777
11 738
11 28
11 301
11 180
11 349
11 1356
11 264
11 35
11 321
11 322
11 2
11 1248
11 1181
11 667
11 184
11 273
11 160
11 724
11 1148
11 27
11 467
11 1392
11 72
11 479
12 652
12 592
12 941
12 1209
12 557
13 496
14 335
14 345
14 439
14 256
14 291
14 64
14 1364
14 798
14 569
14 557
15 1099
15 1340
15 1065
15 462
15 463
15 542
15 761
15 1117
15 890
15 1097
15 1096
16 106
16 231
16 498
16 1255
16 1301
16 326
16 1006
16 248
16 85
16 771
17 700
17 336
17 106
17 445
17 1206
17 1281
17 551
17 284
17 1108
17 362
17 389
17 1265
17 527
17 1253
17 1235
17 1043
17 803
17 2
17 644
17 916
17 107
17 983
18 360
18 248
18 232
18 197
18 1074
18 1231
18 498
18 196
18 435
18 808
18 927
18 57
18 122
18 154
18 922
18 19
18 411
18 1214
18 907
18 1006
19 140
19 628
20 500
20 88
20 450
20 571
20 270
20 584
20 268
21 502
21 68
21 17
21 628
21 1051
21 1007
22 413
23 892
23 1259
24 374
25 277
25 215
25 213
25 987
25 216
25 211
25 772
25 511
25 426
25 121
25 352
25 214
25 588
25 212
25 578
26 629
26 180
26 348
26 611
26 306
26 1200
26 527
26 309
26 307
26 4
26 96
26 1182
26 610
26 145
26 569
26 310
26 481
26 393
26 1107
26 382
26 3
26 135
26 23
26 788
26 1076
26 375
26 664
26 376
26 2
26 326
26 538
26 116
26 260
26 655
26 1301
26 1278
26 334
26 568
26 1386
26 21
26 1383
26 570
26 207
26 1282
26 305
26 627
26 641
26 412
26 346
26 133
26 383
26 1324
26 308
26 142
26 1355
26 1364
26 736
26 50
26 784
26 1370
26 495
26 1251
26 327
26 117
26 525
26 562
26 343
26 74
26 148
26 389
26 1237
26 1109
26 22
26 17
26 155
26 457
26 16
26 1149
26 936
26 1236
26 977
26 71
26 335
26 996
26 9
26 134
26 547
26 352
26 1241
26 1254
26 345
26 572
26 1106
26 254
26 365
26 666
26 386
26 1067
26 941
26 663
26 304
26 1119
26 775
26 388
26 406
26 1375
26 377
26 191
26 424
26 931
26 1154
26 381
26 493
26 900
26 972
26 1121
26 818
26 667
26 659
26 464
26 54
26 359
26 504
26 355
26 479
26 1260
26 571
26 89
26 104
26 24
26 45
26 358
26 361
26 959
27 224
27 1176
27 1031
27 1293
27 512
27 279
27 920
27 752
27 42
27 680
27 677
27 886
27 683
27 921
27 367
27 681
28 367
28 920
28 752
28 762
28 384
28 700
28 683
28 921
28 451
28 226
28 1075
28 681
29 513
29 465
29 420
29 683
29 514
29 900
29 211
29 601
29 544
29 612
29 797
29 1267
29 803
29 222
29 250
29 205
29 680
29 754
29 464
29 1229
29 26
29 146
29 792
29 1239
29 569
29 1300
29 902
29 316
29 655
29 204
29 901
29 633
29 1272
29 200
29 189
29 439
29 25
29 1141
29 334
29 600
29 526
29 147
29 279
29 133
29 547
29 1234
29 1184
29 593
29 1204
29 443
29 675
29 440
29 1231
29 1034
29 707
29 1198
29 1251
29 674
29 652
29 793
29 1057
29 521
29 511
29 625
30 683
30 465
30 633
30 601
30 545
30 577
30 45
30 1197
30 464
30 420
30 147
30 779
31 751
31 1320
31 229
31 916
31 749
31 1153
31 283
31 1082
31 1245
31 68
31 1247
31 522
31 918
31 698
31 1336
31 247
31 1124
31 1262
31 704
31 979
31 1400
31 860
31 1067
31 297
31 676
31 531
31 551
31 298
31 1390
31 279
32 752
32 802
33 141
33 516
33 431
33 1155
33 594
33 1336
33 755
33 1306
33 808
33 790
33 800
33 1004
33 713
33 196
33 1106
33 876
33 513
33 608
33 1318
33 1011
33 84
33 1305
33 1153
33 634
33 239
33 1000
33 1090
33 1101
33 1204
33 184
33 443
33 9
33 120
33 1006
33 1008
33 1009
33 252
33 179
33 346
33 486
33 188
33 546
33 812
33 218
33 795
33 726
33 1001
33 371
33 207
33 76
33 805
33 598
34 431
34 516
34 795
34 252
34 594
34 1243
34 141
34 598
34 1155
34 809
34 188
34 799
34 1305
34 610
34 1153
34 1142
34 876
34 1092
34 1062
34 1001
34 800
34 1093
35 1327
35 875
35 1208
36 1100
36 1215
36 74
36 123
36 655
36 518
36 623
36 306
36 353
36 51
36 1159
36 398
36 546
36 1366
36 629
36 102
36 120
36 982
36 144
36 870
36 559
36 303
36 566
36 628
36 962
36 339
36 135
36 905
36 1395
36 387
36 1367
36 37
36 81
36 1305
36 260
36 550
36 554
36 542
36 1226
36 436
36 1097
36 645
36 1279
36 784
36 21
36 95
36 342
37 186
37 242
37 409
37 1311
37 1229
38 536
38 1391
38 294
38 295
38 1211
38 979
38 1279
38 976
38 17
39 43
39 272
39 346
39 1264
39 180
39 260
39 358
39 1278
39 337
39 1205
39 1383
39 1301
39 959
40 536
41 289
41 513
41 1140
41 879
41 1091
41 520
41 433
41 1305
41 755
41 229
41 1337
41 686
42 521
42 526
42 496
42 440
42 468
42 469
42 439
42 121
42 503
42 211
42 1154
42 900
42 683
42 465
42 38
42 880
42 795
42 118
42 420
42 901
42 879
42 750
42 569
42 312
42 1249
42 26
42 1290
42 1267
42 1262
42 335
42 903
42 514
42 1251
42 1006
42 197
42 464
42 796
42 797
42 467
42 735
42 124
43 468
43 496
43 469
43 467
43 885
43 283
43 919
43 940
43 121
43 1231
44 849
44 367
45 525
45 305
45 133
45 1093
45 1317
45 540
45 573
45 345
45 353
45 1367
46 525
46 353
46 123
46 1328
46 655
46 623
46 629
46 645
46 1185
46 803
46 485
46 260
46 270
46 84
46 1139
46 784
46 133
46 987
46 128
46 1386
46 102
47 180
47 327
47 663
47 570
47 1200
47 310
47 305
47 309
47 308
47 260
47 104
47 2
47 568
47 98
47 307
47 1276
47 537
47 1253
47 525
47 573
47 664
47 1083
47 361
47 400
47 1078
47 306
47 1373
47 4
47 1397
47 412
47 481
47 208
47 629
48 526
48 797
48 876
49 527
49 321
49 320
49 349
49 366
49 365
49 476
49 107
49 322
49 1083
49 855
49 538
49 478
49 149
49 376
49 422
49 540
49 1222
49 1180
49 92
49 854
49 1210
49 1251
50 326
50 992
50 192
50 528
50 1301
50 273
50 435
50 337
50 27
50 1274
50 1259
50 1149
50 1319
50 349
50 974
50 248
50 1237
50 969
50 922
50 573
50 803
50 665
50 493
50 1211
50 1268
50 134
50 569
50 899
50 1260
50 353
50 572
50 261
50 1310
50 838
50 355
50 661
50 124
50 629
50 1076
50 1212
50 254
50 336
50 1263
50 447
50 849
50 610
50 142
50 25
50 664
50 1300
50 465
50 754
50 296
51 1301
51 803
51 265
51 528
51 261
51 326
51 906
51 1149
51 992
51 96
51 36
51 106
51 306
51 142
51 435
51 360
51 1214
51 248
51 666
51 922
51 1224
51 456
51 629
51 1274
51 849
51 1212
51 318
51 17
51 94
51 610
51 1304
51 363
52 326
52 629
52 21
52 528
52 1215
52 306
52 96
52 610
52 1142
52 23
52 798
52 340
52 265
52 655
52 74
52 481
52 363
52 133
52 291
52 899
52 142
52 8
52 254
52 959
52 261
52 1220
52 906
52 303
52 664
52 1076
52 105
52 1205
52 334
52 1211
52 799
52 572
52 1263
52 573
52 324
52 337
52 667
52 315
52 36
52 335
52 3
52 260
52 1324
52 754
52 1386
52 182
52 671
52 992
52 1364
52 1366
52 55
52 24
52 397
52 22
52 17
52 1301
52 1237
52 1274
52 1184
52 1154
52 7
52 562
52 784
52 94
52 1371
52 376
52 1100
52 1323
52 310
52 345
52 1139
52 135
52 180
52 1319
52 383
52 912
52 1260
52 1212
52 933
52 45
52 358
52 328
53 407
53 269
53 1253
53 625
53 61
53 967
53 1274
53 437
53 1319
53 1377
53 332
53 456
53 653
53 33
53 208
53 1282
53 370
53 892
53 298
53 318
53 993
53 268
53 665
53 541
53 531
53 190
53 1221
53 37
53 693
53 1239
53 1108
53 1181
53 193
53 688
53 1259
53 1391
53 161
53 85
53 372
53 270
53 18
53 1144
53 808
53 1309
53 1006
53 128
54 123
54 666
54 295
54 554
54 1213
54 525
54 1307
54 365
54 623
54 553
54 655
54 983
54 398
54 1185
54 120
54 668
54 651
54 1348
54 378
54 1204
54 353
54 240
54 1394
54 559
54 645
54 436
54 571
54 670
54 84
54 1395
54 347
54 1300
54 509
54 754
54 269
54 872
54 1192
54 339
54 45
54 546
54 1159
54 396
54 560
54 305
54 784
54 22
54 1161
54 102
54 522
54 21
54 344
54 1393
54 480
54 1099
54 310
54 366
54 387
54 1104
54 959
54 260
54 962
54 646
54 438
54 1106
54 1263
54 37
54 101
54 524
54 539
54 98
54 566
54 873
54 364
54 303
54 662
54 211
54 154
54 355
54 44
54 338
54 564
54 585
54 481
54 999
54 981
54 550
54 584
54 274
54 81
54 1258
54 555
54 1381
54 1002
54 144
54 1217
54 423
54 1226
54 759
54 1001
54 24
54 49
54 1191
54 606
54 23
54 283
54 306
54 549
54 861
54 421
54 88
54 605
54 352
54 1282
54 354
54 1366
54 1148
54 1183
54 79
54 635
54 294
54 348
54 89
54 869
54 395
55 17
55 376
55 460
55 798
55 336
55 16
55 348
55 375
55 406
55 1281
55 135
55 899
55 1149
55 4
55 105
55 382
55 1241
55 265
55 1185
55 1366
55 81
55 142
55 961
55 933
55 326
55 1382
55 71
55 1302
55 2
55 261
55 306
55 365
55 1301
55 1376
55 459
55 377
55 358
55 73
55 1260
55 754
55 133
55 461
55 547
55 611
55 458
55 1383
55 366
55 445
55 241
55 538
55 504
55 337
55 629
55 1375
55 170
55 906
55 527
55 383
55 256
55 959
55 573
55 255
55 1364
55 1051
55 1155
55 1072
56 753
56 14
56 441
56 878
56 1339
57 444
57 1099
57 916
58 270
58 387
58 787
58 963
58 754
58 158
58 120
58 104
58 87
58 1344
58 952
58 873
58 974
58 872
58 788
58 1207
58 789
58 861
58 375
58 784
58 717
58 397
58 61
58 1104
58 1159
58 1133
58 269
58 606
58 146
58 145
59 1301
59 610
59 547
59 363
59 23
59 393
59 1268
59 1220
59 458
59 292
59 798
59 148
59 335
59 3
59 661
59 671
59 1106
59 306
59 629
59 326
59 1154
59 381
59 34
59 376
59 89
59 310
59 1386
59 261
59 135
59 180
59 459
59 383
59 1260
59 45
59 358
59 155
59 959
60 322
60 321
60 320
60 527
60 1083
60 833
60 730
60 107
60 336
60 92
60 843
60 1073
60 732
60 648
60 1108
60 264
60 422
60 1087
60 389
60 1389
60 1055
60 1235
60 1129
60 54
60 1219
60 831
60 1148
60 1233
60 963
60 445
60 478
60 921
60 1311
60 425
60 579
60 87
60 980
60 368
60 650
60 34
60 532
60 2
60 1206
60 889
60 227
60 404
60 451
60 1029
60 1265
60 305
60 1240
60 1043
60 1197
60 570
60 410
61 539
61 564
61 566
61 1213
61 435
61 789
61 333
61 1104
61 754
62 381
62 553
62 452
62 1383
62 382
62 1105
62 1081
62 1262
62 788
62 912
62 23
62 1301
62 255
62 785
62 1258
62 787
62 105
62 496
62 465
62 1384
62 261
62 754
62 121
62 422
62 1385
62 689
62 664
62 1268
62 573
62 545
62 659
62 1154
62 845
62 1100
62 565
62 1002
62 572
62 1076
62 916
62 843
62 191
62 1182
62 1359
62 363
62 148
62 36
62 459
62 819
62 569
62 150
62 1215
62 889
62 1046
62 478
62 457
62 798
62 169
62 789
62 784
62 839
62 907
62 406
62 1084
63 839
63 891
63 1051
63 843
64 482
64 533
64 175
64 52
64 69
64 415
64 390
64 893
64 1225
64 194
64 512
64 1124
64 531
64 815
64 947
64 730
64 1231
64 722
64 440
64 833
64 1319
64 423
65 3
65 393
65 388
65 180
65 4
65 306
65 629
65 389
65 1386
65 569
65 145
65 348
65 310
65 135
65 2
65 309
65 481
65 382
65 74
65 527
65 23
65 22
65 664
65 611
65 260
65 1200
65 1106
65 1149
65 21
65 1107
65 570
65 1182
65 133
65 375
65 383
65 610
65 406
65 655
65 308
65 142
65 672
65 45
65 1364
65 50
65 1251
65 96
65 155
65 1397
65 1366
65 1237
65 192
65 327
65 525
65 413
65 1370
65 400
65 121
65 116
65 9
65 538
65 62
65 207
65 1278
65 977
65 334
65 335
65 996
65 365
65 540
65 412
65 547
65 324
65 255
65 345
65 418
65 366
65 254
65 386
65 1225
65 109
65 1301
65 663
65 1283
65 304
65 568
65 326
65 784
65 1154
65 305
65 900
65 1119
65 659
65 346
65 972
65 89
65 376
65 1282
65 940
65 1260
65 104
65 342
65 358
65 563
65 361
65 959
65 1398
66 128
66 1206
66 306
66 460
66 366
66 310
66 1370
66 629
66 322
66 2
66 1182
66 365
66 1251
66 321
66 458
66 445
66 590
66 375
66 388
66 191
66 131
66 644
66 412
66 664
66 1233
66 660
66 116
66 121
66 1265
66 389
66 1072
66 1081
66 659
66 475
66 484
66 579
66 1283
66 1108
66 4
66 1085
66 98
66 208
66 1148
66 425
66 73
66 1376
66 62
66 11
67 4
67 1228
67 3
67 180
67 1106
67 309
67 458
67 310
67 629
67 72
67 23
67 959
67 527
67 135
67 155
67 569
67 1267
67 481
67 1220
67 525
67 1383
67 74
67 382
67 22
67 1182
67 1364
67 393
67 664
67 207
67 335
67 334
67 121
67 128
67 547
67 784
67 306
67 573
67 457
67 1241
67 1268
67 348
67 345
67 133
67 540
67 504
67 1200
67 1301
67 260
67 255
67 375
67 326
67 1154
67 21
67 381
67 459
67 50
67 376
67 17
67 145
67 383
67 89
67 363
67 34
67 1386
67 1260
67 1384
67 45
67 358
68 60
68 1266
68 878
68 195
68 552
68 48
68 1161
68 127
68 214
68 1155
69 306
69 664
69 381
69 255
69 128
69 365
69 477
69 1383
69 131
69 1109
69 1138
69 104
69 648
70 180
70 540
70 1149
70 320
70 349
70 255
70 479
70 300
70 1260
70 24
70 1182
70 327
70 1382
70 309
70 117
70 1383
70 155
70 365
70 570
70 457
70 111
70 527
70 435
70 3
70 397
70 23
70 104
70 192
70 62
70 382
70 459
70 1322
70 305
70 477
70 292
70 629
70 1200
70 4
70 664
70 304
70 1054
70 573
70 478
70 475
71 1299
71 573
71 540
71 666
71 63
71 570
71 455
71 305
71 310
71 525
72 630
72 663
72 310
72 1195
72 1078
72 63
72 570
72 540
72 125
72 941
72 187
72 193
72 799
72 315
72 1313
72 687
72 335
72 189
72 309
72 573
72 702
72 1157
72 53
72 537
72 430
72 1367
72 360
72 228
72 1153
72 1381
72 1081
72 1084
72 746
72 134
72 10
72 186
72 413
72 214
72 316
72 569
72 1191
72 1229
72 1080
72 511
72 285
72 571
72 439
72 672
72 1188
72 7
72 1082
72 370
72 98
72 666
72 97
72 1115
72 323
72 466
72 1300
72 992
72 973
72 25
72 305
72 996
72 372
72 139
72 371
72 205
72 69
72 1250
72 297
72 1394
72 880
72 481
72 700
72 604
72 793
72 416
72 903
72 171
72 1158
72 519
72 815
73 573
73 332
73 577
73 359
73 541
73 572
73 1247
73 360
73 488
73 307
73 401
73 1073
73 625
73 1279
73 1241
74 68
74 876
74 1153
74 26
74 431
74 516
74 656
74 535
74 514
74 183
74 1142
74 1155
74 1231
74 714
74 602
74 575
74 1204
74 625
74 188
74 594
74 904
74 179
74 517
74 608
74 603
74 795
74 809
74 35
74 598
74 544
75 396
75 306
75 303
75 339
75 645
75 269
75 959
75 50
75 584
75 818
75 554
75 154
75 387
75 666
75 1099
75 655
75 877
75 546
75 668
75 81
75 123
76 570
76 1378
76 1310
76 667
76 1158
76 668
76 1157
76 329
76 572
76 1391
76 1364
76 604
76 1076
76 335
76 50
76 474
76 37
76 359
76 369
76 358
76 299
76 1319
76 310
76 1154
76 1274
76 469
76 537
76 504
76 439
76 1205
76 308
76 495
76 689
77 667
77 1395
77 1076
77 537
77 1264
77 630
77 1191
77 1394
77 572
77 1257
77 1228
77 504
77 1364
77 668
77 1263
77 238
77 329
77 315
77 343
77 1391
77 556
77 139
77 689
77 223
77 10
77 134
77 666
77 1151
77 1381
77 757
77 334
77 1313
77 1154
77 335
77 199
77 1300
77 346
77 1082
77 1319
77 1157
77 1274
77 272
77 1187
77 570
77 411
77 1158
77 569
77 291
77 467
77 1310
78 589
79 781
79 327
79 670
79 199
79 556
79 597
79 594
79 175
79 202
79 1379
79 196
79 28
79 360
79 544
79 1007
79 813
79 74
79 413
80 813
80 544
80 301
80 546
80 1113
80 781
80 287
80 597
80 1333
80 768
80 917
80 202
81 799
81 714
82 676
82 921
82 678
82 465
82 1339
82 264
82 1334
82 1365
82 461
82 206
82 783
82 924
82 781
82 793
82 1080
82 1266
82 861
82 669
82 1148
82 137
82 752
82 420
82 803
82 1246
82 1289
82 1133
82 652
82 771
82 1367
82 785
82 1179
82 521
82 701
82 841
82 204
82 433
82 473
82 593
82 579
82 1255
82 146
82 498
82 637
82 150
82 208
82 775
82 341
82 307
82 532
82 901
82 705
82 683
82 1382
82 362
82 451
82 1219
82 811
82 1084
82 118
82 779
82 1210
82 258
82 1385
82 394
82 1366
82 91
82 247
82 1235
82 797
82 135
82 530
82 74
83 1060
83 18
84 522
84 873
84 122
84 101
84 666
84 1185
84 559
84 554
84 546
84 283
84 1393
84 1366
84 120
84 398
84 1140
84 295
84 553
84 1161
84 1104
84 784
84 347
84 1179
84 98
84 978
84 21
84 154
84 294
84 337
84 461
84 1281
84 387
84 232
84 269
84 655
84 353
84 1307
84 186
84 1192
84 983
84 1207
84 1348
84 54
84 872
84 962
84 539
85 84
85 1155
85 1153
85 610
85 800
85 719
85 431
85 795
85 876
85 602
85 196
85 1106
85 88
85 1305
85 109
85 516
85 755
85 714
85 809
85 1142
85 625
85 798
85 594
85 154
85 710
85 377
85 656
85 608
85 1287
85 280
85 1154
85 799
85 598
85 514
85 141
85 604
86 755
86 544
86 594
86 1155
86 280
86 1305
86 1158
86 878
86 516
86 595
86 801
86 141
86 183
86 790
86 230
87 334
87 655
87 26
87 803
87 572
87 788
87 310
87 610
87 667
87 1364
87 1300
87 496
87 326
87 573
87 547
87 318
87 1157
87 1274
87 260
87 133
87 569
87 345
87 74
87 1236
87 1319
87 211
87 899
87 629
87 1251
87 439
87 798
87 254
87 1263
87 1188
87 8
87 526
87 797
87 134
87 664
87 1076
87 291
87 105
87 21
87 1142
87 142
87 465
87 23
87 335
87 1309
87 328
87 1211
87 71
87 1154
87 340
87 754
87 2
87 25
87 440
87 337
87 1229
87 683
87 933
87 209
87 306
87 437
87 191
87 1324
87 518
87 261
87 401
87 1215
87 481
87 671
87 315
87 594
87 959
87 1267
87 1205
87 1260
87 811
87 513
87 363
87 792
87 1366
87 528
87 55
87 540
87 24
87 660
87 397
87 668
87 256
87 1237
87 303
87 170
87 1317
87 358
87 1313
87 96
87 1272
87 634
87 1220
87 208
87 857
87 544
87 1371
87 1100
87 601
87 329
87 568
87 308
87 912
87 707
87 282
87 54
87 495
87 574
87 593
87 562
88 548
88 615
88 622
88 613
88 617
88 616
88 614
88 1150
88 619
88 618
89 699
89 793
89 52
89 1341
89 464
89 921
89 420
89 465
89 222
89 1290
89 205
89 779
89 250
89 797
89 916
89 795
89 700
89 433
89 683
89 919
89 901
89 287
89 902
89 632
89 879
89 200
89 752
89 1186
89 526
89 1332
89 796
89 920
89 674
89 468
89 204
89 1334
89 252
89 780
89 918
89 316
89 247
89 226
89 1289
89 333
89 1111
89 1266
89 1328
89 612
89 794
89 696
89 682
89 1338
89 970
89 680
89 712
89 803
89 466
89 792
89 1339
89 917
89 637
89 513
89 781
89 924
89 1333
89 147
89 431
89 313
89 1343
89 757
89 709
89 755
90 1187
90 265
91 252
91 431
91 925
91 1341
91 800
91 799
91 1093
91 197
92 1093
92 683
92 1247
92 806
92 880
92 808
92 810
92 1252
92 575
92 1071
92 643
92 1147
92 878
92 1219
92 804
92 731
92 985
93 635
93 1241
93 461
93 355
93 68
93 232
93 481
93 242
93 691
93 544
94 1393
94 983
94 283
94 524
94 1104
94 1099
94 559
94 101
94 1213
94 1161
94 123
94 1394
94 365
94 438
94 240
94 606
94 662
94 522
94 366
94 668
94 1159
94 1395
94 666
94 571
94 295
94 387
94 554
94 154
94 560
94 269
94 24
94 347
94 1348
94 1002
94 1147
94 754
94 294
95 123
95 635
95 1258
95 101
95 1002
95 1099
95 154
95 1213
95 655
95 465
95 1204
95 1104
95 553
95 546
95 872
96 637
96 803
96 903
96 465
96 779
96 680
96 892
96 920
96 1
96 206
96 700
96 701
96 1259
96 1155
96 372
97 906
98 638
98 217
98 1338
98 368
99 639
99 1379
99 67
99 682
99 717
100 1126
100 760
100 822
100 1171
100 1172
100 1131
100 1118
100 1122
100 1051
100 1013
100 849
100 740
100 885
100 1069
100 848
100 743
100 938
100 887
100 1173
100 928
100 742
100 828
100 762
100 934
100 1117
101 819
101 760
101 825
101 866
101 1119
101 823
101 826
101 818
101 820
101 10
101 801
101 379
101 460
101 847
101 224
101 233
101 680
101 1060
101 1015
101 1031
102 910
102 728
103 761
103 1214
103 1048
103 906
104 863
104 762
104 957
104 1023
104 1056
104 29
104 821
104 1178
104 1177
104 826
104 910
104 837
104 644
104 1363
105 764
105 848
105 953
105 1126
105 846
105 887
105 765
105 1172
105 739
105 847
105 743
105 740
106 847
106 764
107 640
107 12
107 220
107 725
107 729
107 1051
107 497
107 836
107 415
107 29
107 47
107 1146
107 202
107 720
107 909
107 883
107 878
107 833
107 997
107 51
107 882
107 772
107 78
107 137
107 834
107 30
107 1397
107 221
107 884
108 884
108 75
108 883
108 726
108 724
108 720
108 768
108 640
108 881
108 92
109 5
109 391
109 711
109 859
109 31
109 658
110 862
110 1398
110 926
110 425
110 15
110 1177
110 1023
110 915
110 1020
110 1015
110 856
110 1399
110 857
110 647
110 1117
110 736
110 1387
110 306
110 412
110 419
110 627
110 1032
110 1320
110 1060
110 245
110 440
110 763
110 843
110 1396
110 1172
110 739
110 526
110 760
110 644
110 733
110 439
110 735
111 894
111 857
111 856
111 1131
111 593
111 859
111 1008
111 15
111 285
111 627
111 658
111 391
111 766
111 425
111 864
111 858
111 634
111 392
112 641
112 734
112 424
112 730
112 422
112 736
112 1396
112 1029
112 425
112 664
112 831
112 648
112 527
112 149
112 107
112 1083
112 570
112 342
112 1392
112 1233
112 320
112 349
112 735
112 733
112 389
112 400
112 647
112 551
112 2
112 1109
112 644
112 840
112 180
112 309
112 350
112 1056
112 1053
112 1370
112 98
112 1182
112 936
112 607
112 264
112 300
112 403
112 1398
112 1387
112 784
112 1123
112 610
112 155
112 1311
112 476
112 1383
112 346
112 477
112 837
113 748
113 708
113 360
113 1272
113 812
113 947
113 815
113 746
113 347
113 70
113 141
113 790
113 1115
113 783
113 1340
113 1237
113 969
113 1104
113 441
113 794
113 467
113 701
113 1328
113 1264
113 411
113 1211
113 1339
113 687
113 689
113 1001
113 514
113 972
113 567
114 1266
114 895
114 433
114 919
114 287
114 712
114 1360
114 803
114 362
114 704
114 1009
114 1224
114 521
114 861
114 322
114 526
114 699
114 395
114 465
114 1133
114 60
114 456
114 990
114 118
114 39
114 1375
114 1290
114 702
114 1341
114 230
114 632
114 676
114 91
114 1207
114 647
114 1032
114 468
114 1316
114 1064
114 980
114 779
114 315
114 467
114 783
114 579
114 410
114 795
114 517
114 660
114 581
114 497
114 1262
114 655
114 485
114 561
114 1362
114 794
114 952
114 1105
114 775
114 466
114 1289
114 387
114 1179
114 1219
114 73
114 1267
114 1261
114 1239
114 666
114 313
114 391
114 90
114 236
114 599
114 227
114 440
114 680
114 1
114 1331
114 198
114 722
114 523
114 370
114 965
114 757
114 696
114 454
115 81
115 579
115 629
115 1375
115 349
115 23
115 666
115 657
115 395
115 540
115 13
115 1279
115 320
115 102
116 1
117 196
117 1304
117 122
117 907
117 229
117 360
117 1001
117 927
117 952
117 1115
117 164
117 252
117 1262
118 803
118 811
118 520
118 141
118 246
118 1093
118 650
118 1075
118 799
118 924
118 923
118 229
118 1243
119 831
119 1132
119 1033
119 1034
119 1133
120 769
120 1145
120 1146
120 886
120 885
120 833
120 1052
120 887
120 890
120 888
120 739
120 1177
120 1070
120 937
120 926
120 741
120 1116
120 31
120 1400
120 740
120 889
120 862
120 898
120 760
120 396
120 642
120 1178
120 1174
120 765
120 915
120 856
120 1122
120 1117
120 1176
120 1013
120 1053
120 1172
120 1071
120 761
120 744
120 820
120 951
120 1131
120 831
120 586
120 1029
120 1034
120 1014
120 15
120 838
120 1050
120 928
120 1027
120 743
120 824
120 853
120 826
120 1119
120 953
120 1031
120 400
120 1051
120 1017
121 1017
121 1146
121 888
121 769
121 890
121 926
121 739
121 1172
121 744
121 1052
121 1022
121 1023
121 1131
121 887
121 932
121 957
121 1030
121 740
121 831
121 1178
121 1053
121 743
121 1012
121 824
121 827
121 741
121 1050
121 1177
121 1015
121 419
121 1117
121 1032
121 935
121 1070
121 15
121 1173
121 1145
121 875
121 642
121 897
121 1016
121 763
121 31
121 400
121 1013
121 925
121 885
122 898
122 1145
122 1306
122 78
122 516
122 938
122 905
122 1274
122 841
122 497
122 740
122 743
123 387
123 775
123 1221
123 1360
123 941
124 1274
124 516
124 795
124 442
124 1153
124 514
124 84
124 1319
124 109
124 941
124 10
124 222
124 469
124 904
124 1306
124 468
124 1151
124 1305
124 1288
124 1084
124 1394
124 171
124 1080
124 602
124 656
124 1230
124 112
124 541
124 1106
124 631
124 802
124 370
124 625
124 575
124 918
124 466
124 179
124 373
124 535
124 1222
124 1195
124 610
124 494
124 1354
124 188
124 714
124 594
124 949
124 25
124 372
124 801
124 183
124 9
124 693
124 1142
124 464
124 230
124 491
124 252
124 544
124 755
124 465
124 898
124 1262
124 175
124 1391
124 598
124 1082
124 921
124 74
124 481
124 187
124 1287
124 1155
124 604
124 901
124 196
124 799
124 1353
124 277
124 1243
124 545
124 147
124 221
124 270
124 1154
124 781
124 916
124 1145
124 1297
124 601
124 387
124 933
124 27
124 1367
124 39
124 1259
124 569
124 1323
124 455
124 1159
124 1310
124 300
124 381
124 167
124 430
124 651
124 1143
124 779
124 666
124 808
124 525
124 792
124 603
124 974
124 800
124 34
124 1249
124 814
124 892
124 358
124 719
124 938
124 193
124 1313
124 794
124 657
124 905
124 490
124 556
124 975
124 880
124 1232
124 192
124 289
124 393
124 105
124 229
124 273
124 969
124 967
124 903
124 63
124 1144
124 1239
124 1395
124 49
124 309
124 1139
124 315
124 326
124 809
124 757
124 739
124 841
124 1231
124 557
124 595
124 128
124 1157
124 360
124 261
124 773
124 407
124 244
124 303
124 526
124 577
124 902
124 797
124 711
124 296
124 1186
124 154
124 212
124 125
124 1203
124 1204
124 655
124 217
124 740
124 536
124 415
124 318
124 160
124 927
124 743
125 993
125 997
125 176
125 1195
125 188
125 610
125 131
125 1074
125 772
125 360
125 1075
125 1269
125 439
125 173
125 696
126 974
126 1326
126 773
126 1095
126 397
126 1083
127 6
127 981
127 339
127 582
127 887
127 395
127 158
127 267
127 5
127 687
127 93
127 1263
127 500
127 940
127 1123
127 32
128 1063
128 945
128 762
128 988
129 945
129 988
129 507
129 4
129 989
129 377
129 941
129 180
129 36
129 987
129 73
129 460
129 323
129 190
129 382
129 494
129 135
129 352
129 375
129 319
129 1123
129 86
129 3
129 637
129 538
129 701
129 16
129 813
129 1073
129 562
129 535
129 916
129 851
129 17
129 351
129 435
129 936
129 498
129 394
129 1382
129 613
129 341
129 1222
129 198
129 299
129 1186
129 1084
129 1081
129 393
129 1078
129 325
129 117
129 300
129 1067
129 257
129 985
129 1270
130 5
130 859
130 66
130 982
130 391
130 606
130 1162
130 1322
130 547
130 560
130 1147
130 1379
130 1339
130 753
131 950
131 30
131 1025
131 1118
131 544
131 295
131 271
131 69
131 952
131 1074
131 1374
131 823
131 927
131 1075
131 863
131 725
131 191
131 1397
131 1006
131 657
132 1017
132 1021
132 1023
132 1013
132 1025
132 1018
132 1026
132 952
132 1014
132 1012
132 1030
132 1029
132 951
132 1022
133 1023
133 1013
133 1018
133 1017
133 1026
133 1014
133 1012
133 1021
133 1030
133 1029
133 951
133 1022
133 856
134 951
134 1013
134 1021
134 1015
134 883
134 932
134 1014
134 866
134 1017
134 1012
134 1031
134 1028
134 964
134 1052
134 1023
134 898
134 1024
134 823
134 1120
134 1026
134 931
134 1018
134 825
134 1016
134 887
134 760
134 840
134 689
134 1266
134 1030
134 1029
134 1137
134 1022
134 1070
134 31
135 1017
135 1016
135 1026
135 1014
135 1029
135 1018
135 1012
135 1015
135 951
135 1013
135 1021
135 1019
135 823
135 825
135 1024
135 1023
135 1020
135 1025
135 932
135 935
135 1120
135 1030
135 866
135 1022
136 1013
136 1021
136 1017
136 1031
136 1023
136 1026
136 1016
136 1014
136 891
136 763
136 1012
136 1030
136 1029
136 951
136 1022
137 952
137 1026
137 1023
137 1024
137 1025
137 1013
137 1035
137 1034
137 847
137 862
137 1018
137 967
137 1032
137 836
137 1028
137 950
137 1014
137 871
137 1021
137 1012
137 907
137 1326
137 1277
137 1029
137 1017
137 1125
137 844
137 942
137 1258
137 626
137 1027
137 1052
137 1030
137 951
137 1015
137 222
137 447
137 1271
137 164
137 70
137 270
137 1022
137 1253
137 897
137 887
138 953
138 887
138 741
138 885
138 740
138 847
138 890
138 854
138 1034
138 765
138 826
138 841
138 764
138 743
138 1122
138 848
138 760
138 1173
138 1068
138 889
138 846
138 852
138 850
138 926
138 828
138 930
138 1013
138 870
138 1172
138 851
138 1362
139 1172
139 847
139 848
139 887
139 953
139 846
139 1039
139 723
139 335
139 764
139 197
139 740
139 841
139 763
139 826
140 954
140 1038
141 930
141 421
141 836
141 837
141 1043
141 195
141 273
141 400
141 736
141 412
142 954
142 1071
142 1134
143 1043
143 195
143 412
143 1171
144 1045
144 839
144 763
144 1046
144 846
144 838
144 1234
144 937
144 891
144 955
144 954
144 1051
144 1039
144 800
144 1130
144 1133
144 1171
144 1136
144 1382
144 175
144 848
144 928
144 56
144 730
144 491
144 1034
144 1258
144 786
144 1283
144 94
144 533
144 1145
144 74
144 1081
144 1232
144 1105
144 605
144 847
144 1055
144 1119
144 845
144 1126
144 1117
144 566
144 37
144 1002
144 978
144 626
144 261
144 15
144 57
144 411
144 221
144 1135
144 812
144 1178
144 810
144 912
144 1177
144 1359
144 661
144 822
144 1225
144 680
144 545
144 105
144 1104
144 564
144 421
144 76
144 1231
144 198
144 1054
144 1277
144 733
144 256
144 473
144 740
144 856
144 128
144 765
144 528
144 722
144 1184
144 435
144 894
144 514
144 1124
144 1084
144 1103
145 1051
145 1045
145 839
145 763
145 838
145 1046
145 411
145 1171
145 435
145 19
145 954
145 1145
145 1234
145 891
145 454
146 1045
146 955
146 1359
146 840
146 641
146 763
146 839
147 956
147 1171
147 1069
147 1126
147 1050
147 1128
147 1049
147 889
147 761
147 1067
147 1145
147 1392
147 888
147 843
147 852
147 1127
147 1172
148 1048
148 956
148 1126
148 1127
148 761
148 951
148 827
148 915
148 826
148 1021
148 1122
148 823
148 744
148 743
148 928
148 1044
148 1013
148 1015
148 1067
148 926
148 1178
148 839
148 1117
148 1119
148 740
148 739
149 1070
149 930
149 936
149 1058
149 926
149 951
149 1068
149 1360
149 1051
150 1075
150 1202
150 1074
150 1300
150 346
150 814
150 970
150 809
150 41
150 880
150 608
150 434
150 231
151 465
151 1362
151 676
151 433
151 783
151 1266
151 1334
151 1333
151 1062
151 287
151 678
151 1246
151 652
151 247
152 671
152 189
152 291
152 1311
153 394
153 584
153 1088
153 1081
153 943
153 300
153 323
153 349
153 1389
153 59
154 1088
154 832
154 111
154 1087
154 15
154 916
154 1054
154 863
154 451
154 1108
154 584
154 1055
154 1389
154 300
154 1053
155 1101
155 806
155 76
156 906
157 1391
157 556
157 571
157 63
157 1377
157 1253
157 574
157 25
157 657
157 231
157 575
157 608
157 360
157 1232
157 781
157 456
157 1356
157 122
157 576
157 1393
157 356
157 498
157 2
157 27
157 325
157 493
157 540
157 690
157 775
157 36
157 270
157 297
157 373
157 626
157 993
157 979
157 465
157 1262
157 106
157 531
157 318
157 85
157 1153
157 1006
157 1214
157 1238
157 128
157 407
157 519
157 522
157 298
157 186
157 536
157 593
157 1273
157 946
157 191
157 1082
157 452
157 332
157 666
157 37
157 160
157 39
157 625
158 302
158 1269
159 1066
159 598
159 1379
159 708
159 849
159 360
159 983
159 815
159 718
159 719
159 1197
159 1321
159 927
160 1071
160 890
160 769
160 885
160 1172
160 888
160 1145
160 741
160 1052
160 887
160 740
160 1051
160 765
160 739
160 848
160 1131
160 1174
160 1070
160 1173
160 838
160 889
160 853
160 743
160 1171
160 1053
160 926
160 412
160 1134
160 953
160 886
160 951
160 898
160 1013
160 1117
160 763
160 826
160 831
160 937
160 1118
160 1034
160 930
160 1043
160 928
160 839
160 830
160 1068
160 1044
160 1119
160 894
160 761
160 956
160 1029
160 1400
160 760
160 744
160 929
160 1362
160 1060
160 846
160 1138
160 1031
160 828
160 1387
160 1037
160 820
160 938
160 400
160 825
160 934
160 31
160 1146
160 1041
160 858
160 1126
160 1127
160 642
160 1122
160 1030
160 854
160 863
160 764
160 1178
160 1358
160 822
160 1036
160 824
160 766
160 833
160 827
160 1123
160 857
160 1026
160 1032
160 1357
160 864
160 1399
160 1129
160 1018
160 1120
160 856
160 1050
160 1055
160 603
160 1024
160 852
160 1039
160 1012
160 851
160 419
160 1116
160 1058
160 1067
160 1042
160 859
160 1175
160 1015
160 1121
160 897
160 891
160 874
160 936
160 658
160 15
160 931
160 843
160 742
160 1017
160 1360
161 1386
161 240
161 55
161 1192
161 54
161 145
161 339
161 1384
161 1366
161 1185
161 348
161 959
161 364
161 489
161 306
161 1385
161 943
161 559
161 629
161 1382
161 376
161 406
161 135
161 24
161 378
161 1383
161 307
161 365
161 655
161 352
161 21
161 784
161 668
161 45
161 754
161 1182
161 62
161 383
161 310
161 553
161 269
161 399
161 872
161 336
161 1226
161 155
161 260
161 366
161 398
161 435
161 1222
161 961
161 1375
161 111
161 71
161 798
161 525
161 546
161 16
161 101
161 689
161 1200
161 1301
161 1260
161 522
161 1246
161 1261
161 458
161 314
161 547
161 1240
161 23
161 318
161 342
161 1281
161 49
161 569
161 789
161 150
161 50
161 962
161 81
161 292
161 1228
161 983
161 461
161 424
161 487
161 37
161 861
161 1109
161 134
161 1348
161 1076
161 539
161 355
161 554
161 1106
161 337
161 555
161 328
161 241
161 498
161 457
161 1365
161 309
161 1250
161 671
161 1355
161 611
161 303
161 1216
161 244
161 677
161 562
161 661
161 43
161 120
161 1187
161 1161
161 72
161 347
161 527
161 1393
161 584
161 329
161 478
161 459
161 873
161 1236
161 1381
161 294
161 358
161 465
161 327
161 1183
161 666
161 474
161 1263
161 778
161 350
161 528
161 974
161 1377
161 181
161 1237
161 606
161 788
161 324
161 237
161 283
161 1364
161 438
161 344
161 74
161 1278
161 1241
161 1254
161 382
161 326
161 479
161 1072
161 662
161 736
161 1395
161 315
161 94
161 560
161 300
161 996
161 395
161 98
161 1367
161 1099
161 1213
161 96
161 1259
161 537
161 254
161 1191
161 377
161 89
161 387
161 345
161 651
161 207
161 664
161 375
161 148
161 203
161 645
161 646
161 899
161 1388
161 59
161 1137
161 316
161 12
161 524
161 460
161 623
161 972
161 701
161 305
161 133
161 585
161 122
161 1148
161 334
161 163
161 154
161 437
161 582
161 255
161 883
161 785
161 17
161 53
162 1182
162 62
162 461
162 477
162 327
162 1109
162 1383
162 240
162 959
162 489
162 17
162 348
162 459
162 16
162 135
162 382
162 145
162 55
162 1385
162 966
162 457
162 1149
162 71
162 376
162 133
162 310
162 54
162 306
162 21
162 611
162 1301
162 111
162 364
162 155
162 1382
162 1366
162 81
162 460
162 406
162 943
162 784
162 1260
162 292
162 307
162 1254
162 562
162 320
162 458
162 1228
162 664
162 1384
162 101
162 365
162 798
162 255
162 366
162 128
162 629
162 961
162 479
162 351
162 94
162 375
162 24
162 105
162 527
162 117
162 1375
162 540
162 358
162 1241
162 610
162 4
162 1386
162 260
162 528
162 314
162 1364
162 291
162 1278
162 933
162 941
162 326
162 1322
162 789
162 1185
162 639
162 559
162 23
162 131
162 180
162 996
162 323
162 565
162 45
162 300
162 661
162 377
162 254
162 1076
162 1281
162 487
162 569
162 59
162 207
162 350
162 553
162 337
162 899
162 309
162 912
162 134
162 316
162 475
162 352
162 334
162 355
162 1226
162 336
162 383
162 241
162 1192
162 671
162 478
162 962
162 228
162 754
162 734
162 1187
162 1212
162 53
163 492
163 1231
163 56
163 359
163 626
163 1077
163 373
163 688
163 573
163 124
163 495
163 62
163 233
163 197
163 443
163 1307
163 232
163 354
163 1262
163 37
163 20
163 901
163 525
163 540
163 1250
163 1229
163 305
163 248
163 48
163 101
163 1285
163 993
163 57
163 189
163 434
163 1355
163 1309
163 973
163 234
163 123
163 1366
163 704
163 1185
163 1186
163 1179
163 1259
164 311
164 316
165 71
165 504
165 335
165 381
165 376
165 363
165 1268
165 326
165 306
165 1076
165 1109
165 671
165 256
165 569
165 1301
165 961
165 1375
165 943
165 1220
165 309
165 348
165 241
165 209
165 135
165 563
165 1364
165 474
165 364
165 1383
165 629
165 207
165 383
165 1300
165 261
165 1212
165 72
165 17
166 209
166 504
166 286
166 569
166 207
166 418
166 1314
166 112
166 256
166 334
166 655
167 1185
167 540
167 980
167 365
167 1248
167 364
167 1158
167 353
167 1009
167 559
167 553
167 307
167 537
167 557
167 1043
167 305
167 82
167 1314
167 193
167 978
167 264
167 327
167 1318
167 401
167 495
167 784
167 378
167 1081
167 201
167 274
167 1253
167 498
167 318
167 1147
167 586
167 1100
167 762
167 69
167 366
167 1157
167 1373
167 84
168 965
168 341
168 157
168 472
168 941
168 322
168 1148
168 648
168 118
168 217
168 1375
168 410
168 527
168 306
168 404
168 1233
168 987
168 349
168 379
168 1392
168 1043
168 750
168 242
168 131
168 667
168 1108
168 656
168 1370
168 98
168 160
168 724
168 180
168 608
168 777
169 965
169 341
169 750
169 217
169 157
169 475
169 118
169 990
169 306
169 941
169 191
169 131
169 985
169 654
169 19
169 989
169 1382
169 127
169 1370
169 1126
169 381
169 1368
169 1182
169 1375
169 1383
169 472
169 54
169 155
169 460
169 1274
169 771
169 556
169 496
169 242
169 138
169 430
169 1149
169 236
169 1224
169 1374
169 180
169 128
169 407
169 322
169 257
169 491
169 970
169 1366
169 648
169 1200
169 515
169 529
169 562
170 238
170 10
170 139
170 1082
170 48
170 1264
170 315
170 239
170 893
170 905
170 1191
170 904
170 272
170 1394
170 710
170 1381
170 1040
170 1395
170 1257
170 165
170 537
171 431
171 516
171 141
171 513
171 594
171 808
171 1306
171 1004
171 1155
171 631
171 188
171 800
171 678
171 670
171 1000
171 252
171 75
171 991
171 725
171 1065
171 237
171 196
171 13
171 795
171 491
171 755
171 179
171 598
171 713
171 184
171 443
171 781
171 1219
171 1151
171 175
171 279
171 1171
171 327
171 812
171 1106
171 124
171 204
171 597
172 527
172 320
172 107
172 476
172 478
172 322
172 1083
172 1370
172 34
172 149
172 1251
172 734
172 321
172 1055
172 255
172 1235
172 23
172 736
173 451
173 532
173 703
173 931
173 1171
173 367
173 615
173 538
173 264
173 934
173 206
173 873
173 91
173 1192
173 613
173 73
173 861
173 767
174 1157
174 411
174 483
174 1319
174 1377
174 1389
174 679
174 482
175 941
175 1082
175 139
175 1394
175 238
175 1221
175 351
175 537
175 666
175 1078
175 1080
175 965
175 430
175 604
175 315
175 1395
175 491
175 413
175 415
176 586
176 542
176 606
176 1100
176 461
176 321
176 396
176 479
176 982
176 872
176 509
176 164
176 5
176 460
176 160
176 853
176 981
176 301
176 119
176 962
176 571
176 654
176 500
176 587
176 1395
176 1182
176 1375
176 985
176 966
176 639
176 1047
176 473
176 784
176 495
177 588
177 576
177 589
178 1183
178 764
178 940
178 888
178 932
178 742
178 341
178 523
178 39
178 813
179 680
179 930
179 194
179 849
179 802
179 1266
179 248
179 379
179 49
179 294
179 987
179 847
179 1014
179 820
179 682
179 278
179 873
179 967
179 183
179 706
179 665
179 1231
179 920
179 1210
179 428
179 404
179 27
179 705
179 370
179 1388
179 1339
179 572
179 418
179 458
179 921
179 579
179 514
179 20
179 688
179 146
179 677
179 1271
179 981
179 919
179 961
179 1124
179 683
179 447
179 704
179 273
179 1137
179 124
179 250
179 247
179 781
179 659
179 1174
179 703
179 951
179 205
179 1074
179 395
179 627
179 928
179 1140
179 829
179 933
179 229
179 467
179 435
179 443
179 231
179 86
179 1075
179 601
179 487
179 1329
179 753
179 861
179 788
179 1118
179 1235
179 122
179 1355
179 188
179 556
179 1108
179 242
179 151
179 1076
179 1157
179 28
179 445
180 622
180 548
180 616
180 882
181 993
181 997
182 634
182 597
182 593
182 685
182 701
182 1338
182 1341
182 52
182 1218
182 1211
182 70
182 1274
182 444
182 1300
182 1001
182 285
182 1339
182 687
182 797
182 1233
182 204
182 205
182 303
182 312
182 1319
182 857
182 793
182 14
182 880
182 201
182 503
182 1008
182 193
182 39
182 766
182 371
182 572
182 994
182 467
182 372
182 1292
182 1066
182 380
182 815
182 655
182 440
182 1263
182 334
182 686
183 1226
183 39
183 590
183 1034
183 23
183 993
183 593
183 997
183 610
183 227
184 618
184 207
184 554
184 153
184 813
184 408
184 430
184 639
184 32
184 898
185 856
185 1008
185 857
185 858
185 911
185 658
185 285
185 766
185 391
185 859
185 390
185 864
185 729
186 803
186 1243
186 1062
186 1075
186 610
186 252
186 809
186 923
186 993
186 799
186 208
186 1273
187 1146
187 339
187 836
187 838
187 857
187 743
187 763
188 640
188 725
188 220
188 1146
188 728
188 720
188 29
188 1360
188 997
188 137
188 497
189 883
189 498
189 767
189 1360
189 907
189 870
189 762
189 465
189 868
189 1362
189 925
189 1033
189 833
189 592
189 896
189 395
189 881
189 768
189 12
189 1146
190 390
190 1008
190 391
190 15
190 856
190 285
190 627
190 857
190 188
190 122
190 859
190 864
190 202
190 724
190 858
190 658
190 852
191 1008
191 627
191 856
191 285
191 391
191 857
191 859
191 864
191 75
191 858
191 658
191 911
192 734
192 735
192 875
192 925
193 422
193 425
193 424
193 733
193 730
193 644
193 641
193 647
193 1053
193 736
193 756
193 1389
193 1392
193 15
193 648
193 1029
193 1088
193 1129
193 980
194 888
194 1177
194 1131
194 1172
194 1046
194 642
194 1117
194 823
194 1293
194 740
194 744
194 1173
194 1359
194 1022
194 885
194 742
194 932
194 1178
194 1123
194 1012
194 831
194 1067
194 935
194 934
194 1130
194 1053
194 743
194 1171
194 928
194 1118
194 897
194 762
194 1122
194 863
194 1051
194 889
194 735
194 1017
194 926
194 1138
194 1032
194 852
194 1030
194 533
194 736
194 1116
194 1023
194 843
194 1070
194 1387
194 1024
194 1035
194 739
194 840
194 956
194 1055
194 1050
194 957
194 1342
194 627
194 952
194 592
194 1126
194 1015
194 822
194 842
194 1059
194 824
194 741
194 827
194 1058
194 641
194 1045
194 1137
194 1016
194 1280
194 836
194 821
194 419
194 970
194 925
194 883
194 837
195 642
195 1055
195 831
195 887
195 1173
195 1172
195 1123
195 885
195 1131
195 1054
195 627
195 938
195 833
195 11
195 888
195 863
195 823
195 1051
195 1293
195 932
195 739
195 81
195 744
195 1116
195 1375
195 1060
195 967
195 934
195 740
195 451
195 1309
195 1357
195 864
195 350
195 1148
195 769
195 1120
195 1117
195 1050
195 341
195 71
195 1067
195 1029
195 1056
195 5
195 1125
195 1392
195 741
195 1108
195 742
195 1294
195 897
195 266
195 445
195 1362
195 118
195 1253
195 87
195 928
195 1203
195 669
195 379
195 724
195 818
195 1013
195 1277
196 629
196 81
196 23
196 1237
196 666
196 1375
196 1279
196 657
196 349
196 1281
196 26
196 102
196 444
196 1323
196 941
196 371
196 123
196 395
196 303
196 590
196 1362
196 1346
196 74
196 435
196 445
196 518
196 1213
196 983
196 1159
196 1002
196 11
196 655
196 746
196 184
196 784
196 1263
196 262
196 749
196 362
196 326
196 306
196 1215
196 1273
196 1177
196 347
196 342
196 51
196 826
196 494
196 623
196 13
196 73
196 1139
196 966
196 96
196 610
197 884
197 768
197 881
197 723
197 865
197 454
198 740
198 889
198 890
198 743
198 885
198 886
198 887
198 1174
198 1171
198 741
198 851
198 1172
198 739
198 926
198 1034
198 765
198 929
198 1122
198 1051
198 1145
198 1052
198 906
198 1054
198 1117
198 856
198 898
199 930
199 1362
199 833
199 739
199 1070
200 1071
200 264
200 1134
200 1362
200 1043
200 1137
200 54
200 889
200 467
200 851
200 461
200 1140
200 1386
200 1053
200 756
200 826
200 923
200 1029
200 758
200 843
200 841
200 762
200 885
200 1138
200 1175
200 1360
200 232
200 980
200 953
201 625
201 541
201 1379
201 1295
202 1285
202 232
202 1309
202 932
202 1231
202 327
202 497
202 1310
202 1248
202 568
202 122
202 467
202 252
202 665
202 27
202 687
202 605
202 360
203 1262
203 1308
203 1219
203 38
203 940
203 470
203 768
203 676
203 48
203 58
203 1285
204 443
204 208
204 573
204 1229
204 496
204 310
204 370
205 135
205 260
205 1323
205 337
205 133
205 610
205 222
205 1367
205 207
205 1076
205 655
205 1384
205 148
205 1366
205 933
205 1364
205 406
205 629
205 1200
205 1182
205 71
205 327
205 1100
205 459
205 1383
205 1199
205 547
205 334
205 382
205 1260
205 50
205 1301
205 126
205 101
205 240
205 1355
205 339
205 376
205 525
205 254
205 1220
205 365
205 1205
205 664
205 40
205 959
205 899
205 1109
205 364
205 1321
205 72
205 355
205 21
205 336
205 80
205 381
205 1155
205 569
205 134
205 540
205 457
205 1228
205 145
205 294
205 310
205 798
206 1290
206 790
206 598
206 1338
206 753
206 516
206 252
206 431
206 435
206 876
206 880
206 347
206 1155
206 196
206 441
206 1306
206 1339
206 1106
206 856
206 781
206 783
206 950
206 346
206 438
206 96
206 812
206 1011
206 1269
206 1006
206 1257
206 1341
206 285
206 879
206 204
206 568
206 76
206 205
206 809
206 1204
206 124
206 704
206 951
206 948
206 8
206 791
207 365
208 1291
208 1344
208 1352
208 815
208 994
208 749
208 707
208 123
208 1204
208 1207
208 1196
208 357
208 1217
208 991
208 1259
208 1345
208 947
208 1218
208 566
208 838
208 650
208 124
208 709
208 1266
208 812
208 624
208 356
208 1080
208 783
209 959
209 383
209 610
209 1263
209 1278
209 798
209 1241
209 348
209 135
209 671
209 23
209 45
209 16
209 1154
209 377
209 74
209 34
209 1383
209 240
209 1225
209 121
209 339
209 547
209 961
209 335
209 3
209 563
209 254
209 1106
209 1324
209 406
209 1301
209 450
209 629
209 651
209 207
209 326
209 413
209 17
209 376
209 1386
209 89
209 310
209 24
209 180
209 381
209 802
209 1260
209 337
209 315
209 378
209 222
209 358
209 1281
209 346
209 418
210 1172
210 1171
210 1070
210 1145
210 1132
210 929
210 743
210 761
210 887
210 938
210 1117
210 1067
210 1118
210 741
210 1119
210 831
210 1071
210 889
210 885
210 886
210 739
210 1125
210 1034
210 740
210 891
210 1122
210 765
210 1053
210 934
210 890
210 956
210 953
210 841
210 848
210 1051
210 926
210 852
210 826
210 1131
210 1128
210 642
210 1013
210 850
210 993
210 1129
210 838
210 937
210 222
210 823
210 603
210 1052
210 763
210 1127
210 898
210 1045
210 1030
211 743
211 740
211 890
211 1171
211 1172
211 1145
211 1051
211 885
212 888
212 1178
212 1177
212 885
212 839
212 838
212 1173
212 870
212 1126
212 954
212 887
212 81
212 763
212 66
212 1133
212 1362
212 1359
212 31
212 135
213 888
213 1173
213 885
213 765
213 1146
213 1145
213 23
213 769
213 741
213 1131
213 105
213 822
213 823
213 1067
213 887
213 1051
213 1126
213 763
213 1122
213 1177
213 928
213 1117
213 845
213 1172
213 642
213 740
213 1123
213 1002
213 1171
214 1294
214 828
214 930
214 1362
214 1044
214 1043
214 739
214 1360
214 1036
214 833
214 1041
214 47
214 831
214 848
214 1071
214 1058
215 535
215 666
215 456
215 25
215 1198
215 1234
215 1377
215 574
215 1253
215 35
215 273
215 37
215 332
215 1391
215 1204
215 540
215 1228
215 370
215 1205
215 1319
215 401
215 423
215 1231
215 295
215 1274
215 544
215 657
215 211
215 45
215 2
215 525
215 626
215 487
215 482
215 1295
215 531
215 669
215 85
215 318
215 134
215 680
215 1181
215 940
215 604
215 1356
215 481
215 625
215 775
215 357
215 1368
215 358
215 305
215 1309
215 310
215 356
215 1232
215 428
215 84
215 707
215 44
215 990
215 601
215 124
215 1209
215 192
215 1238
215 373
215 415
215 33
215 316
215 985
215 663
215 1200
215 651
215 1307
215 607
215 191
215 1196
215 89
215 69
215 371
215 160
215 63
215 541
215 329
215 1273
215 186
215 1310
215 26
215 984
215 665
215 269
215 577
215 1373
215 536
215 407
215 557
215 18
215 579
215 1009
215 240
215 193
215 227
215 270
215 319
215 268
215 88
215 360
215 1296
215 771
215 372
215 629
215 1165
215 411
215 1080
215 533
215 1225
215 365
216 694
216 693
216 222
216 514
216 407
216 971
216 569
216 655
216 345
216 800
216 1271
216 370
216 636
216 513
216 335
216 411
216 79
216 556
216 1367
216 260
216 64
216 37
216 175
216 209
216 808
216 805
216 334
216 692
216 968
216 974
217 323
217 1274
217 1161
217 1319
217 523
217 142
217 983
217 946
217 1002
217 324
217 456
217 1364
217 35
217 1211
217 1151
217 994
217 1218
217 815
217 44
217 666
217 572
217 211
217 1317
217 369
217 79
217 190
217 688
217 1309
217 1377
217 433
217 1098
217 816
217 1367
217 372
217 803
217 334
217 993
217 1105
217 447
217 537
217 979
217 373
217 318
217 410
218 154
218 295
218 666
218 559
218 983
218 323
218 553
218 1161
218 655
218 1106
218 554
218 1213
218 1104
218 1393
218 1002
218 1263
218 283
218 101
218 332
218 1204
219 208
219 993
219 270
219 456
219 371
219 1159
219 7
219 190
219 299
219 1273
219 128
219 1309
220 4
220 1148
220 1281
220 1192
220 242
220 395
220 556
220 527
220 562
220 91
220 16
220 404
220 248
220 326
220 375
220 1149
220 17
220 399
220 1261
220 1375
220 472
220 1241
220 1273
220 309
220 287
220 540
220 135
220 494
220 1268
220 458
220 305
220 775
220 1182
220 322
220 261
220 691
220 579
220 378
220 1062
220 389
220 629
220 2
220 988
220 899
220 1225
220 336
220 231
220 538
220 724
220 1209
220 1278
220 577
221 388
221 579
221 435
221 1225
221 984
221 498
221 1283
221 1386
221 691
221 839
221 74
221 3
221 1234
221 395
221 49
221 587
221 62
221 1010
221 248
221 181
221 1198
221 109
221 569
221 322
221 1183
221 36
221 226
221 814
221 292
221 1370
221 1371
221 1080
221 35
221 527
221 94
221 577
221 967
222 1400
222 1399
222 419
222 1396
222 393
222 1397
222 400
222 1048
222 1116
222 1398
222 887
222 412
222 1119
222 1358
223 400
223 1398
223 1399
223 1400
223 1048
223 388
223 1387
223 412
223 393
223 419
223 389
223 398
223 1396
223 1397
223 1037
223 2
223 1357
223 1050
223 1117
223 4
223 826
223 425
223 644
223 863
223 1119
223 929
223 15
223 65
223 484
223 820
223 116
223 418
223 3
223 943
223 659
223 324
223 109
224 575
224 175
224 1312
224 1316
224 140
224 317
224 259
224 656
224 595
225 1188
225 1380
225 638
225 1345
225 1344
225 225
225 985
225 1124
225 794
225 200
225 374
